11
11
11
7
9
11
11
8
11
11
11
11
11
11
4
2
11
6
5
4
6
4
11
5
7
7
11
9
6
5
7
8
11
11
11
11
11
11
11
10
11
11
11
11
11
7
11
11
11
11
11
5
11
3
11
11
11
11
9
7
9
6
4
7
4
5
5
1
4
0
6
7
8
8
7
7
7
3
11
8
11
8
0
2
9
8
11
11
9
11
11
11
11
11
8
2
4
6
5
4
8
11
7
11
4
7
4
6
11
11
11
11
6
11
11
11
8
3
11
4
11
11
11
11
9
11
11
5
9
11
11
11
11
9
11
11
11
11
11
11
5
11
6
11
11
5
7
0
3
8
8
11
11
11
9
9
11
11
8
11
9
11
11
7
4
11
11
9
10
11
11
11
9
11
11
11
11
3
6
9
9
6
8
3
7
7
2
5
7
11
11
11
11
9
11
7
11
11
11
11
11
11
8
11
5
11
5
11
11
7
11
9
11
5
11
5
11
11
11
7
7
9
11
11
11
9
11
11
11
9
11
10
11
