1
3
3
1
0
0
3
0
1
2
1
0
2
2
3
1
3
2
2
1
1
2
3
1
0
2
0
0
1
2
0
0
0
1
0
1
0
0
0
0
0
0
4
7
8
4
4
1
2
8
3
3
7
4
7
3
0
0
3
6
4
6
2
1
0
1
1
0
1
0
0
0
0
0
1
1
1
0
1
2
1
2
1
1
1
3
1
7
4
7
6
11
6
8
7
5
11
11
8
6
5
10
11
2
11
4
8
5
11
5
11
4
11
6
4
11
11
11
11
11
11
11
7
7
11
11
11
6
2
11
7
11
9
11
11
11
11
11
11
11
8
11
9
6
9
7
11
4
4
3
11
11
5
11
7
4
9
11
11
7
11
9
11
11
7
5
8
7
8
7
11
11
11
9
11
11
11
11
11
8
6
4
7
3
2
4
5
5
5
8
4
8
11
11
11
11
11
11
11
9
5
4
6
8
11
4
9
11
4
9
11
5
11
11
11
11
7
11
11
11
11
4
11
8
7
5
11
9
7
11
11
11
5
7
5
9
11
11
11
11
11
11
11
11
11
11
11
11
11
11
11
11
11
11
10
11
11
11
8
6
4
11
5
9
11
11
11
6
7
11
11
11
11
9
11
11
11
11
11
11
11
11
9
11
11
11
3
11
8
3
11
5
4
4
1
4
3
6
3
5
4
4
8
4
5
5
4
6
7
9
7
5
5
8
5
7
4
6
5
5
7
6
5
11
3
11
7
9
11
2
1
2
3
3
0
1
3
2
0
1
1
1
1
2
2
3
3
2
3
2
1
4
1
0
1
1
2
0
0
0
0
0
0
3
0
3
3
1
0
3
0
1
4
0
0
3
1
3
0
1
3
4
0
1
1
4
1
0
3
2
4
3
4
